-41.758 34.517 51.917 -85.498 56.843 -13.559 56.137 5.456 -89.998 64.763 49.160 -54.795 17.515
33.853 76.279 80.477 -35.176 -58.892 -68.998 0.892 28.363 5.679 -84.727 -89.137 -38.057 100.058 -78.749
-3.798 -15.875 68.173 -15.950 -7.315 29.765 94.090 -53.393 -16.339 77.801 16.313 17.870 -51.283 -1.943 14.158 45.929
3.173 -72.337 29.630 -64.311 19.046 66.939 -67.966 73.735 63.653 41.068 -1.109 23.225 69.126
-89.273 85.784 87.754 -9.389 92.428 13.921 -47.395 -71.995 -29.737 -90.966 -68.823 89.900 -7.556 -60.606 -19.350 -46.510 41.682 -46.849
-18.193 -2.115 44.587 -56.928 77.775 -30.410 100.177 63.869 -82.113 -62.309 -89.350 11.423 19.226 -36.157 84.776 -5.945
30.462 -25.656 76.544 -98.072 -2.811 -60.681 -28.517 -21.306 40.020 19.149 18.631 -78.399 10.553 -22.994
-76.642 -15.789 6.251 7.242 48.395 85.494 -69.660 -2.719 -6.696 -59.498 -23.319 -55.012 44.269 -18.747 -0.219 12.994 -44.064 38.872 -66.210 24.704
17.742 4.931 -16.202 -43.584 -81.175 64.593 76.083 49.013 -71.820 -6.821 -34.519 100.463 -95.994 -32.059
7.245 -33.068 86.650 12.568 26.612 -18.220 9.256 -78.631 -41.385 -69.158 40.198 -99.848 8.868 -77.092 -85.054 -30.026
-66.626 88.016 -26.531 28.249 -59.249 -0.861 -12.278 -17.552 -38.345 -14.995 26.525 -7.017 -57.348 -99.885 -85.088
65.750 -21.696 -82.436 55.870 -95.181 73.084 -43.299 98.608 -61.048 66.633 -3.373 -100.610 -41.586 -62.040 1.908 35.163
96.144 56.123 -50.956 -99.912 2.648 -46.351 -90.504 -19.808 -44.448 -41.135
54.530 78.349 93.673 58.376 -84.379 45.013 72.636 -37.217 -74.621 -87.666 99.762 -28.174 -54.103
63.896 -4.525 32.431 -87.942 -71.093 -74.129 -82.676 63.778 -7.698 36.885 2.544 36.888 -67.585 37.658 22.138 58.363 6.915 12.293 -24.308
-25.421 87.416 92.521 -14.581 -73.830 -42.508 -91.785 -26.197 94.383 22.145 -31.886 27.575 64.113 -73.221 -43.760 -45.625 -28.567 -65.752 -45.764
-83.723 -24.814 63.826 50.329 -44.933 82.480 -12.574 -72.221 -43.574 46.353 -74.196
96.525 27.342 98.406 71.087 36.625 -67.764 -69.391 48.266 60.789 82.908 -84.419
10.351 21.812 -94.648 43.796 -43.917 -52.434 66.190 -68.682 -73.864 -68.305 -62.313 -35.851 -15.872 86.840 48.816 71.864 -99.481
-3.193 99.520 87.680 81.995 -68.994 -93.643 79.785 -75.845 -55.124 23.128 91.346 29.954 26.589 -2.649 -22.938
